1 0.6289602
0 0.93486685
2 0.32810593
2 0.5549912
0 0.5456717
1 0.9054137
2 0.9106672
2 0.50217175
3 0.4912257
2 0.63806915
0 0.5661157
1 0.6200359
0 0.783384
2 0.74123544
1 0.88708526
2 0.58567315
0 0.48461846
1 0.37719697
0 0.40987387
0 0.96961826
2 0.85239583
2 0.88270426
1 0.77075326
1 0.58238494
1 0.9264138
0 0.8539527
2 0.9686358
2 0.767034
0 0.58906853
2 0.63143075
1 0.90102553
1 0.93421125
1 0.8462283
2 0.78492206
2 0.49912083
1 0.48386997
1 0.5939126
1 0.5770687
1 0.8368303
0 0.56126237
2 0.97584087
1 0.9161891
1 0.4769179
2 0.6653295
0 0.63918585
1 0.6025468
1 0.41113445
2 0.67373
0 0.92723155
1 0.92620224
2 0.8598731
2 0.57449275
0 0.81169784
1 0.9741664
2 0.7949589
1 0.9522556
1 0.64825445
0 0.9735691
2 0.8523645
1 0.5412243
2 0.9456149
0 0.3993767
0 0.76858
1 0.9002736
1 0.70905316
1 0.937972
3 0.912282
1 0.95802295
2 0.37146568
2 0.93232155
2 0.84931546
2 0.77446353
1 0.868069
2 0.49207044
2 0.8279456
2 0.9407262
2 0.71550274
1 0.9729662
0 0.643802
0 0.8847435
0 0.59031457
2 0.8907567
2 0.42310128
1 0.661206
2 0.96474874
2 0.9486723
2 0.33046657
2 0.7526449
1 0.66375476
1 0.67445064
2 0.5601932
2 0.9087504
0 0.7930392
1 0.45589656
0 0.91015327
2 0.556873
0 0.80025417
2 0.5179095
1 0.5884698
2 0.7716467
1 0.9925035
2 0.95426613
1 0.4263303
1 0.91396874
0 0.8956062
2 0.7688914
1 0.9898044
2 0.67002094
2 0.42295063
2 0.44018117
1 0.5218186
1 0.9783766
0 0.7785303
1 0.74946964
1 0.5339069
2 0.69647694
2 0.4631665
1 0.72751504
2 0.5859117
0 0.8738219
2 0.4266626
2 0.5589729
1 0.7495819
2 0.8949603
2 0.5887293
0 0.5835545
1 0.8586402
1 0.8729306
1 0.86377317
0 0.91827404
1 0.8747754
2 0.9366845
1 0.42367512
1 0.6370208
1 0.70837045
0 0.8464292
2 0.85097545
2 0.82484543
0 0.8631835
1 0.4764774
2 0.8983574
0 0.940038
1 0.7197324
1 0.78115696
2 0.90904963
0 0.87537324
1 0.654507
1 0.73232865
0 0.69566846
0 0.8665575
1 0.47429854
3 0.9741633
1 0.8710257
1 0.88567597
2 0.5258491
1 0.879912
2 0.9233556
0 0.57837325
1 0.55952376
1 0.94463104
1 0.83451915
1 0.60453266
3 0.69720846
1 0.81680495
2 0.9659344
1 0.97167945
1 0.5363764
1 0.85973287
1 0.4736533
1 0.91647893
0 0.89468515
0 0.64490557
1 0.95268166
2 0.8686954
1 0.83438283
3 0.6303919
2 0.87858635
2 0.5836653
2 0.96174884
2 0.8785489
0 0.54471815
0 0.8843039
2 0.8648991
1 0.5205855
1 0.40957767
1 0.89051455
0 0.4681949
1 0.6518229
1 0.9582232
1 0.53401667
1 0.51964915
1 0.9323106
1 0.6377181
2 0.9344774
2 0.9631402
0 0.7322239
1 0.85860777
2 0.5239547
3 0.9770439
0 0.94122434
2 0.92246664
2 0.5370187
1 0.8120038
0 0.7424111
2 0.74315315
1 0.39309698
2 0.7724007
2 0.64968663
2 0.6477777
1 0.72560066
0 0.8593633
2 0.39306206
1 0.7068912
0 0.9103201
2 0.98160017
1 0.86529076
1 0.7504686
1 0.62643504
0 0.9344852
1 0.8064147
1 0.9323996
1 0.82363176
0 0.9157637
0 0.9535448
2 0.5666397
1 0.57797754
2 0.5100567
2 0.514286
2 0.9755849
2 0.43572888
3 0.6307857
1 0.81333303
2 0.9507983
2 0.67548966
1 0.9429178
3 0.7552002
1 0.78841966
0 0.9296747
0 0.5053609
2 0.73388827
3 0.5760199
3 0.44369042
2 0.8663191
1 0.8011689
2 0.74459165
1 0.6586414
0 0.535898
0 0.6605949
0 0.97235596
1 0.9508084
2 0.58769304
0 0.92133844
1 0.9242593
1 0.40459988
2 0.89288557
2 0.9434575
1 0.70543635
1 0.9494933
1 0.76021415
1 0.9010176
2 0.83494735
2 0.89702016
2 0.42877093
0 0.91042095
0 0.6295003
1 0.82201284
0 0.93434817
0 0.46051082
2 0.59174806
1 0.60600305
0 0.6693421
3 0.8339631
1 0.80276996
0 0.6395022
2 0.6457213
2 0.94536346
0 0.84820944
2 0.6377189
1 0.76382166
2 0.38140294
1 0.625725
0 0.5481569
0 0.5624246
1 0.64884996
2 0.74714375
0 0.33443475
1 0.64050764
0 0.44114092
1 0.78724366
1 0.6833984
0 0.90428054
1 0.77795696
2 0.58929855
1 0.54627734
1 0.47949952
2 0.49018073
1 0.35302466
1 0.49901667
1 0.6272935
1 0.7799498
1 0.96420115
1 0.63613373
2 0.7639777
2 0.78392047
1 0.98199904
1 0.87182415
1 0.94652617
1 0.42919764
1 0.8056597
1 0.76249427
2 0.9257011
2 0.8886291
0 0.48819944
1 0.594485
1 0.6648925
0 0.7820493
0 0.96059203
1 0.8022682
1 0.5747518
2 0.9529291
1 0.96188956
2 0.6673317
2 0.43377292
1 0.8945192
1 0.6648925
1 0.8516118
1 0.92891675
2 0.80876416
1 0.7340818
2 0.88604295
1 0.97351056
2 0.58219814
2 0.4338001
0 0.85287446
0 0.9865883
0 0.47069967
0 0.95119137
0 0.9360043
2 0.7192928
2 0.8315233
1 0.62492406
1 0.9021917
2 0.7970395
0 0.5000653
1 0.7833733
0 0.78081864
2 0.9200258
2 0.9556262
1 0.9213858
1 0.71490014
1 0.8847264
0 0.8048702
0 0.65016323
2 0.6326236
0 0.756309
2 0.9189852
2 0.9052642
2 0.44941676
2 0.77623963
2 0.90292484
2 0.922855
2 0.90825176
1 0.57910126
1 0.44070262
0 0.81178325
1 0.5759882
0 0.6861361
2 0.9396481
1 0.81280506
1 0.50016123
2 0.7873393
1 0.8272438
1 0.9315395
1 0.92498904
0 0.8903214
0 0.60364926
2 0.5351356
3 0.5745481
2 0.56985706
1 0.9815159
2 0.89545834
0 0.8962618
0 0.39172348
0 0.65839946
2 0.86555004
2 0.58613497
0 0.9618442
2 0.9579907
1 0.96186167
2 0.95875484
1 0.47592843
0 0.6679102
1 0.760715
1 0.45841584
1 0.7092631
2 0.4889334
1 0.6075653
3 0.91137975
1 0.9485995
0 0.5553077
2 0.85975146
1 0.9397466
1 0.6530406
0 0.9264074
2 0.759142
0 0.7120713
1 0.7086571
3 0.602491
0 0.71083695
2 0.72402716
2 0.81663173
0 0.8762857
0 0.62414914
1 0.7442775
0 0.8521868
1 0.9025432
2 0.9080408
1 0.8126281
2 0.56462604
2 0.50968784
1 0.95020646
1 0.8941851
2 0.93655074
1 0.41882813
2 0.96201175
1 0.47764322
1 0.9311704
1 0.95130104
2 0.94117343
2 0.5264563
2 0.93557096
1 0.4164976
1 0.99232036
2 0.6092848
2 0.73255754
2 0.7166694
0 0.73447645
0 0.75722784
2 0.93413574
0 0.5648348
2 0.3991818
2 0.6719545
1 0.9459692
0 0.8463306
2 0.8508761
2 0.3737604
2 0.90273255
1 0.86924934
2 0.6303923
1 0.8658321
1 0.85615057
1 0.7547931
1 0.538729
2 0.9374547
2 0.94352996
0 0.9683594
1 0.62708604
1 0.91798025
0 0.9549509
0 0.64098036
0 0.9221181
0 0.9256789
3 0.43907553
0 0.6981134
0 0.93432117
0 0.9716636
0 0.90456474
0 0.8272104
3 0.8463959
3 0.84849596
1 0.55099016
0 0.6127529
0 0.94424
3 0.8860633
3 0.8247852
0 0.59165335
0 0.46482852
3 0.4159714
0 0.8105517
3 0.46876186
0 0.8344033
0 0.97410697
0 0.6206505
3 0.93373066
0 0.51846665
3 0.5331138
2 0.95085496
3 0.7644436
3 0.92090565
1 0.9766609
0 0.9532974
0 0.5867561
3 0.9882151
3 0.8969416
3 0.6499246
0 0.778618
2 0.79274917
0 0.96476793
0 0.8778351
0 0.85722953
0 0.9344527
3 0.7041372
1 0.9150337
2 0.8431294
2 0.54090065
0 0.918521
3 0.6028308
2 0.95754266
3 0.5145437
3 0.5246797
2 0.90639657
3 0.9411279
0 0.64967936
0 0.4827453
2 0.6473523
0 0.9243333
3 0.7509633
1 0.38002616
2 0.59323925
1 0.61985713
3 0.52653193
0 0.9131482
3 0.9617044
2 0.7951987
3 0.7333125
0 0.614013
2 0.5368304
0 0.51997477
0 0.8797726
3 0.38699004
0 0.68407977
3 0.6290571
3 0.7971562
1 0.7438322
2 0.83182025
3 0.5631041
2 0.92437917
0 0.83429074
0 0.70905316
2 0.5083775
0 0.36262196
1 0.9756125
2 0.9051324
1 0.37919137
0 0.97602457
0 0.46390122
3 0.9218762
1 0.63852054
0 0.71721226
3 0.73237956
3 0.8539527
0 0.9767867
0 0.961042
3 0.5371172
3 0.8814038
0 0.6785272
0 0.9346949
0 0.93633884
2 0.92662024
0 0.63034666
0 0.81774783
0 0.87014425
0 0.91366833
0 0.5861907
3 0.7829171
1 0.80565834
3 0.96447223
2 0.93588835
0 0.96221614
0 0.5357033
1 0.5601932
3 0.6909484
3 0.9143451
2 0.6257322
1 0.5456269
3 0.81166697
0 0.46696362
1 0.44975105
3 0.7390375
1 0.8936488
0 0.8861278
0 0.9875168
0 0.746749
3 0.9162215
1 0.82625896
3 0.62838274
3 0.62895703
2 0.33452326
0 0.5055853
1 0.9767606
0 0.9739822
3 0.8734942
3 0.79416937
1 0.41476968
0 0.8798648
3 0.6896411
3 0.3458227
0 0.97101855
0 0.77904654
2 0.8535731
0 0.7361191
3 0.39970398
0 0.90591186
0 0.9638457
2 0.6223481
0 0.44162795
0 0.41054204
0 0.8618277
2 0.94608104
0 0.6434485
2 0.98103434
2 0.44032824
3 0.6604453
0 0.56241405
3 0.8705826
2 0.8623883
1 0.74867684
2 0.41427037
0 0.82827735
3 0.88460714
3 0.93751013
0 0.72079575
1 0.8588881
0 0.7077106
3 0.7305624
2 0.560183
3 0.47496444
3 0.5559972
0 0.59354794
0 0.5273418
0 0.7636951
0 0.8989949
2 0.928896
2 0.9082407
3 0.794785
3 0.9026779
0 0.53703886
3 0.9461892
0 0.78266114
1 0.77242565
0 0.71823585
0 0.8017644
0 0.78266114
3 0.6084714
0 0.7438706
3 0.33724985
2 0.7120241
3 0.9533225
3 0.9254324
0 0.6372397
1 0.99111396
0 0.60589135
0 0.6504357
0 0.7416646
0 0.4556718
0 0.951296
0 0.8522953
0 0.9293075
0 0.4614014
3 0.8619284
3 0.46426204
3 0.8247408
0 0.603117
1 0.81090355
0 0.87002647
0 0.78407514
3 0.906869
0 0.6263971
0 0.9796964
0 0.96131843
0 0.7826091
3 0.49618077
2 0.9969566
3 0.6991011
3 0.92181444
3 0.9724753
0 0.5088441
3 0.6674815
3 0.6588116
3 0.46751606
2 0.7179862
3 0.6584276
0 0.99364424
3 0.8748289
3 0.989036
3 0.78027296
3 0.7228499
3 0.76066995
3 0.8339278
2 0.6295003
3 0.71287036
3 0.41429472
3 0.8919123
2 0.84425557
0 0.4287037
2 0.5383212
2 0.9762216
0 0.55736023
3 0.81280506
0 0.9000097
0 0.47413266
3 0.8734673
3 0.8004544
3 0.955396
0 0.85239583
3 0.7051976
1 0.8741977
0 0.64549804
0 0.9073724
1 0.9012808
3 0.5641247
3 0.8339377
0 0.85982233
3 0.84498143
3 0.37295577
0 0.95769703
0 0.8055313
0 0.49055567
1 0.6694332
3 0.8378952
1 0.9510408
0 0.8078685
0 0.893746
3 0.6646004
0 0.94939655
3 0.77078253
0 0.9365115
0 0.58028054
3 0.8584501
0 0.7909581
0 0.81725645
3 0.839329
0 0.9568528
3 0.68283933
3 0.9456571
0 0.85266894
3 0.74970853
0 0.56758374
0 0.5936895
2 0.4335437
1 0.52712137
0 0.61524
3 0.9300375
3 0.9208607
0 0.5888946
3 0.39220557
1 0.84744287
3 0.9737394
0 0.53514016
3 0.6826027
3 0.56641626
0 0.8950394
3 0.71226007
3 0.76693404
3 0.52312803
3 0.6020851
2 0.49198028
3 0.98181087
0 0.5829537
2 0.6918981
0 0.8206488
0 0.9864568
1 0.42608526
0 0.9138643
0 0.97720325
0 0.88430077
0 0.90893054
0 0.8233558
0 0.6575896
0 0.7124366
3 0.7545752
0 0.84196097
3 0.8020538
1 0.78162426
2 0.83545417
0 0.4819304
1 0.6878468
0 0.53013086
3 0.9329327
0 0.8772443
3 0.3248597
0 0.9065922
1 0.49748683
3 0.93514323
1 0.7351282
3 0.75015473
1 0.47755483
3 0.8104508
1 0.9562388
2 0.8686917
0 0.946583
2 0.5536229
2 0.4880221
3 0.5962573
0 0.5726209
2 0.9497448
3 0.9235488
0 0.9233685
0 0.96017027
3 0.641872
3 0.6960256
3 0.90134054
3 0.86034375
0 0.9167058
3 0.35422403
0 0.56989485
3 0.808983
3 0.43607196
0 0.5494647
2 0.8084514
3 0.9345035
0 0.51640445
0 0.8736314
0 0.53864175
3 0.89962524
1 0.7423827
3 0.5906512
3 0.9821217
3 0.5415102
1 0.9779644
0 0.9538986
2 0.9698883
0 0.9405841
0 0.7503732
0 0.8994289
0 0.9879313
1 0.43268877
0 0.5494792
3 0.95479625
2 0.55606306
0 0.7591411
3 0.4969975
0 0.98439425
0 0.920212
0 0.64287156
1 0.47433683
3 0.91231555
0 0.36008385
0 0.79939395
0 0.9471294
0 0.95366
0 0.44330865
0 0.95170754
0 0.870806
3 0.96083426
0 0.34654722
2 0.68110096
3 0.6105729
0 0.97129613
3 0.8211982
3 0.98850876
2 0.8089914
3 0.83236706
2 0.8137593
0 0.42767426
0 0.5471514
2 0.79458
3 0.91086674
0 0.4526591
0 0.80813247
0 0.67776936
1 0.85567194
0 0.65945846
2 0.80444896
3 0.8643262
0 0.49930248
0 0.33137405
0 0.83833
0 0.82180077
0 0.9633395
0 0.8984265
2 0.80646086
3 0.41797376
0 0.6878202
0 0.33508977
0 0.7788344
0 0.6530947
3 0.4590437
0 0.7551752
3 0.44238323
3 0.96328115
3 0.60092485
0 0.8253889
2 0.8158983
0 0.7590661
1 0.40682667
1 0.72385573
0 0.8542183
1 0.69541895
3 0.89309496
3 0.952366
0 0.40788037
3 0.6207892
2 0.7141997
2 0.8138086
0 0.5113682
0 0.474795
3 0.92211884
3 0.7035638
0 0.39685854
3 0.96619004
1 0.918768
0 0.8973623
3 0.7403601
3 0.4096929
3 0.47409883
0 0.9178473
3 0.92396206
0 0.9744012
2 0.7357527
3 0.55909127
3 0.9142082
3 0.56071955
3 0.92580366
1 0.51406807
0 0.9882289
3 0.80312127
0 0.76186186
0 0.91191566
0 0.7601208
0 0.70365226
0 0.67422837
2 0.60819906
0 0.49734744
0 0.65829176
0 0.8852464
2 0.65527433
0 0.87335163
0 0.7790719
0 0.46868926
0 0.56693476
3 0.5333347
3 0.46831182
3 0.71857095
3 0.6462391
0 0.86520284
0 0.51073503
3 0.68008417
3 0.4346513
3 0.5531246
0 0.80621946
0 0.68103445
0 0.7903489
2 0.9689407
3 0.84928304
3 0.38725773
3 0.5028206
3 0.695766
3 0.7069941
3 0.6546309
0 0.52516276
2 0.537351
3 0.95451814
3 0.9932948
3 0.5009973
2 0.56755763
0 0.6777085
0 0.7777982
0 0.50690264
0 0.3696381
3 0.9410745
2 0.40020052
0 0.61799234
0 0.5032772
0 0.5088619
3 0.71941507
2 0.9492597
3 0.5093512
3 0.8087639
0 0.52189034
0 0.80133295
3 0.5977216
0 0.9602837
3 0.5004523
3 0.5356731
2 0.87787163
3 0.90568215
2 0.55984133
2 0.94638926
2 0.8301363
0 0.5511579
0 0.6312926
3 0.67774594
0 0.9739309
0 0.7967995
3 0.86632556
0 0.90114206
0 0.865159
3 0.94627064
0 0.7016341
2 0.8020353
0 0.8969509
3 0.991239
2 0.8530769
0 0.41844139
3 0.95919687
0 0.8360549
2 0.60707724
0 0.5477384
0 0.59791285
3 0.50554377
0 0.66471696
3 0.97494614
3 0.75424016
0 0.8881572
2 0.95462364
0 0.78638554
3 0.9444242
0 0.96952045
3 0.80088216
3 0.5007959
1 0.9297099
0 0.44462547
3 0.95037043
3 0.50943327
0 0.507705
0 0.69505036
0 0.9024199
3 0.9679064
0 0.9031783
3 0.66157025
3 0.96671414
3 0.9459571
3 0.5648348
0 0.91289616
3 0.95612854
3 0.7893974
3 0.98946065
0 0.8609985
0 0.4222694
0 0.7362329
2 0.9034775
3 0.983173
0 0.4926667
3 0.96996427
0 0.730046
0 0.89137053
0 0.89848053
3 0.9765805
2 0.7644628
0 0.6342609
0 0.4769412
0 0.46198082
0 0.5941819
0 0.7878337
0 0.59913754
3 0.56765777
3 0.34783998
3 0.65379614
0 0.92097867
3 0.682258
0 0.9447253
3 0.54260373
1 0.9956475
0 0.91547817
3 0.5255703
3 0.925987
3 0.95702684
3 0.7806341
3 0.98039997
0 0.62662804
0 0.7658323
0 0.8926934
1 0.9185271
3 0.7296052
0 0.9034994
0 0.45928222
0 0.9328794
3 0.8069371
3 0.9863755
3 0.48813683
2 0.45436272
0 0.42921588
1 0.92765605
1 0.91991216
1 0.8631835
3 0.6234751
3 0.9520964
3 0.9622646
0 0.87834084
3 0.8721293
3 0.6139679
0 0.80385345
0 0.9509371
3 0.9712153
0 0.98722214
3 0.9334338
3 0.88906336
0 0.6124484
1 0.6282822
3 0.48694265
0 0.32311052
3 0.4872385
0 0.6757451
0 0.9157665
0 0.9376568
3 0.70347965
2 0.6668386
0 0.4815875
0 0.5292496
3 0.5911326
0 0.55614674
0 0.95716965
0 0.9215047
3 0.43544587
0 0.9059927
3 0.62732464
0 0.7240377
3 0.87526256
3 0.95678777
3 0.7237482
3 0.9276594
0 0.91995573
2 0.37651825
0 0.4983789
2 0.6182358
0 0.945603
0 0.46107298
3 0.5954404
0 0.9359291
0 0.97638786
3 0.565549
0 0.9179649
3 0.7354928
0 0.52226746
0 0.90919375
3 0.96141803
2 0.7875707
0 0.576283
3 0.8460386
0 0.43596753
3 0.6126725
1 0.5496207
0 0.5357984
2 0.80775404
0 0.6229987
0 0.8449238
0 0.9153569
0 0.9017887
1 0.50965685
3 0.97014266
0 0.66328627
2 0.46258384
0 0.44367018
0 0.54952866
0 0.8929936
3 0.86933976
0 0.97320366
0 0.98105407
1 0.74474895
1 0.61609
0 0.7038351
0 0.72578806
3 0.6761749
0 0.93235254
1 0.7368165
0 0.8871491
0 0.39468777
3 0.40074897
0 0.55352265
0 0.979424
0 0.9706715
1 0.8125386
0 0.9272229
0 0.8381477
2 0.9492759
0 0.5153506
0 0.6867352
0 0.9839685
3 0.8720251
0 0.9833098
0 0.5240376
0 0.9427244
3 0.94676036
3 0.47036362
3 0.8413082
0 0.40674913
3 0.7901543
0 0.4335455
3 0.7255612
0 0.8931643
0 0.9577429
0 0.69687736
3 0.97733355
0 0.79472643
3 0.6141009
3 0.9084417
0 0.9753872
3 0.97302204
1 0.98398846
2 0.51635236
0 0.64957696
3 0.6353653
2 0.91230065
0 0.97864187
3 0.84695625
1 0.63705415
0 0.96005267
0 0.9684254
3 0.9576334
3 0.85518956
0 0.9060878
0 0.9591149
2 0.69064885
0 0.9407853
0 0.84565026
3 0.46085793
0 0.84702796
0 0.89805657
3 0.6395068
1 0.5554437
1 0.60195524
3 0.8760076
0 0.74112403
3 0.86057264
0 0.5262515
2 0.96779823
3 0.46051082
3 0.63565093
3 0.9890022
1 0.5154122
0 0.44320276
3 0.8175008
3 0.85883003
0 0.81698257
0 0.8509316
3 0.6148096
0 0.9380476
0 0.8579644
0 0.5109083
3 0.4698299
0 0.7640374
0 0.7673762
3 0.4023648
0 0.61871797
3 0.88533914
0 0.7824908
3 0.94204783
3 0.5472275
3 0.58692163
3 0.7822253
0 0.7883477
0 0.66684365
3 0.44468203
2 0.89602983
0 0.85583305
1 0.98477316
0 0.9977324
3 0.82624537
3 0.5626548
0 0.34946066
3 0.95268524
3 0.919964
3 0.41113445
0 0.97026306
2 0.9581062
0 0.71112674
0 0.9696269
2 0.7892305
1 0.56590897
3 0.9112862
0 0.8885884
0 0.9896026
3 0.9246183
0 0.8515081
3 0.89763016
0 0.7504145
0 0.6637041
3 0.42565483
3 0.7196536
3 0.70298785
1 0.64206886
0 0.9589657
3 0.5285199
2 0.7579369
2 0.43290156
3 0.9233936
3 0.9777648
0 0.74300355
0 0.91028535
0 0.9712723
3 0.70983416
0 0.5975553
0 0.703636
0 0.583688
3 0.5579894
1 0.9707153
0 0.61727667
0 0.900168
0 0.99239904
3 0.7571398
2 0.7495241
0 0.35938326
3 0.6901531
0 0.6728195
2 0.6430349
0 0.9706755
1 0.9458891
0 0.57641834
3 0.7345074
3 0.95268524
3 0.7039765
3 0.3309913
0 0.5876063
3 0.65597
0 0.5127864
3 0.45777315
0 0.87132597
0 0.9098099
0 0.8300324
2 0.7433857
3 0.7541435
0 0.50761396
3 0.95353115
3 0.887672
0 0.83389896
2 0.78647023
3 0.6400619
0 0.8256088
2 0.7895045
3 0.84934556
0 0.7875131
0 0.9298786
0 0.3775162
2 0.67129475
2 0.40507925
3 0.8949544
0 0.4681235
0 0.94620353
0 0.4904406
0 0.93737245
0 0.4463849
2 0.3692509
0 0.85541934
0 0.7695368
3 0.7742496
3 0.55008256
2 0.56265235
0 0.6575921
3 0.80161864
3 0.92931813
2 0.8289039
0 0.9502612
3 0.6497112
0 0.9505916
0 0.6376521
2 0.46898994
3 0.79946905
0 0.9000592
0 0.7200871
3 0.55145544
0 0.6625938
0 0.86375403
0 0.4157632
0 0.7815091
0 0.64133096
3 0.97370285
0 0.5820101
0 0.45312768
0 0.69516945
3 0.7704359
0 0.813437
1 0.92933595
3 0.78044045
3 0.7663274
0 0.43480682
0 0.4572253
0 0.7624192
3 0.9529165
0 0.88639283
0 0.7312508
2 0.8711751
2 0.81894714
3 0.87128437
1 0.98130643
0 0.7070776
0 0.85498995
3 0.9704368
0 0.7038917
3 0.97790366
0 0.6192286
3 0.87593997
0 0.81927955
1 0.9445791
3 0.8187867
3 0.882993
3 0.965357
1 0.6658995
3 0.68719196
0 0.8303728
0 0.62100184
0 0.92913425
0 0.9262727
0 0.6011717
3 0.46583718
3 0.73206896
2 0.6254389
0 0.45888296
3 0.5364701
3 0.72600865
0 0.89907646
0 0.7192969
2 0.82071215
3 0.4483652
3 0.43799934
0 0.9133799
3 0.7722443
0 0.71485054
0 0.80626386
3 0.4965494
0 0.36161202
3 0.43546528
3 0.9284901
0 0.8066466
0 0.90938467
3 0.8425918
0 0.9606073
2 0.77876854
0 0.67887807
3 0.52869856
0 0.96552694
3 0.7073812
2 0.5165789
3 0.5853511
3 0.8996385
3 0.92365927
0 0.9356641
0 0.9660966
3 0.50901616
3 0.5701545
2 0.7217805
1 0.8383219
0 0.80665326
3 0.94306695
0 0.8316192
3 0.93897337
2 0.9532433
0 0.46655133
3 0.90198874
0 0.8823621
3 0.5690481
0 0.77434087
0 0.6654672
0 0.6405047
0 0.89649034
2 0.8181736
0 0.5495931
3 0.7618846
0 0.9254122
3 0.70471835
1 0.9391544
0 0.47057948
2 0.85103536
0 0.9363499
3 0.67616177
1 0.73566234
3 0.83625335
1 0.408066
0 0.58485115
0 0.7245841
0 0.72372997
3 0.8539455
3 0.42441326
2 0.5424627
0 0.9132073
2 0.74988467
0 0.57416785
0 0.9159573
0 0.82900697
3 0.5357108
0 0.80056745
0 0.6090489
0 0.5477238
3 0.8279191
2 0.9285947
0 0.6893988
2 0.56609404
3 0.6634773
3 0.9689781
0 0.88599813
0 0.95966345
3 0.9342051
0 0.8301285
0 0.95794755
0 0.5362506
3 0.7043448
0 0.64687
0 0.583334
0 0.7378317
0 0.8715268
1 0.30729657
3 0.38948074
3 0.64146924
3 0.7357047
0 0.35390246
1 0.56545496
3 0.84518194
0 0.62586844
0 0.6725056
0 0.6384745
0 0.6790394
2 0.5825193
3 0.49528673
0 0.965684
3 0.65206605
3 0.70848525
3 0.9325868
0 0.47132412
2 0.79878616
2 0.73032916
3 0.3602299
3 0.7124512
0 0.6393815
0 0.60697514
1 0.40007704
1 0.5625428
0 0.90170527
1 0.7671308
0 0.96353024
3 0.5355653
0 0.44607595
3 0.9462554
2 0.6791668
3 0.79991245
2 0.98250383
3 0.9405841
0 0.57338876
0 0.977453
3 0.55367666
3 0.6455043
3 0.913937
3 0.7080514
3 0.8088561
0 0.8408006
3 0.48413283
2 0.9043932
3 0.43450993
0 0.9262826
3 0.8752949
0 0.9507029
1 0.9327634
3 0.6154744
0 0.9127661
2 0.9751735
1 0.76703197
3 0.79047406
0 0.6479523
3 0.32833785
3 0.895086
0 0.4804028
2 0.8938612
3 0.9122435
2 0.44741148
2 0.78279877
3 0.9686128
0 0.40149775
3 0.8473524
0 0.7248222
3 0.92287046
0 0.49422318
0 0.9365666
1 0.91780996
1 0.5218301
3 0.9822165
2 0.70849556
3 0.964592
3 0.8756006
0 0.78858286
0 0.5610185
2 0.89226013
3 0.4125331
3 0.96108055
3 0.90645474
0 0.92430913
3 0.45116663
3 0.38050786
0 0.9232808
0 0.68006986
3 0.8968447
0 0.6497556
3 0.7689731
2 0.9449412
3 0.93725663
0 0.8531931
3 0.4467781
3 0.8524303
3 0.91949683
0 0.93165225
3 0.71333814
0 0.84290355
0 0.54356545
0 0.7891643
0 0.82294095
0 0.7423266
0 0.60507023
0 0.8947939
0 0.96093917
0 0.8292771
3 0.7419207
3 0.92693913
0 0.550925
1 0.48682573
1 0.81788194
0 0.8332265
0 0.4751626
2 0.52773917
3 0.8201108
3 0.49444228
3 0.42170134
0 0.8542947
1 0.9635872
3 0.6472332
1 0.67543054
2 0.89173025
3 0.49057978
0 0.58043444
0 0.9046796
3 0.8767184
3 0.6149855
0 0.9864667
0 0.7371875
3 0.55716115
0 0.90770435
0 0.5816714
3 0.7923499
0 0.92528296
3 0.7309866
0 0.7488141
3 0.8466727
0 0.62901586
0 0.93059915
3 0.992566
2 0.5187408
1 0.4428647
3 0.6118401
3 0.8730245
3 0.93637455
3 0.4306986
3 0.83250695
3 0.5137067
3 0.5364534
3 0.7205319
3 0.958856
0 0.9089822
1 0.816965
2 0.9560539
3 0.7796757
0 0.9634
3 0.7453481
0 0.888696
0 0.6771932
0 0.8424843
0 0.8587547
3 0.7395602
1 0.9270939
3 0.95112884
3 0.64859
0 0.43990475
3 0.81783533
0 0.4997197
3 0.52205855
0 0.9437756
3 0.47625786
0 0.7599145
0 0.94988817
0 0.73937845
3 0.5206739
3 0.7063205
0 0.8338656
3 0.8702489
0 0.6629687
0 0.98273695
0 0.7686029
0 0.7810929
2 0.78852254
1 0.90449375
0 0.5977421
0 0.5844693
3 0.8916535
3 0.9416448
0 0.73523223
1 0.8037427
0 0.60820127
1 0.5919117
0 0.88791245
1 0.91323453
0 0.7664242
0 0.67956066
0 0.5866128
1 0.8703681
0 0.9211853
3 0.5368304
1 0.4657497
3 0.8987361
0 0.923678
3 0.98239845
0 0.64009386
3 0.6097766
0 0.7798271
3 0.6530834
3 0.5192803
0 0.7500405
0 0.56458503
1 0.9602837
3 0.98630387
0 0.9184492
0 0.91269916
0 0.61664027
0 0.7126727
1 0.82474977
3 0.78882754
0 0.5591652
0 0.66887945
1 0.9595745
3 0.7534926
3 0.76922774
0 0.49074197
3 0.6203
0 0.9165779
0 0.92388636
3 0.9722271
3 0.7168852
1 0.902532
1 0.4291238
3 0.9770008
0 0.8895355
0 0.5035975
3 0.9841542
0 0.6889096
1 0.52062714
1 0.95749754
1 0.94413346
3 0.6219533
2 0.92257446
0 0.87737375
0 0.5127883
0 0.6343761
2 0.7695645
0 0.9721333
3 0.9928825
0 0.60517997
0 0.94811237
0 0.71485054
0 0.9196666
0 0.98876464
3 0.9882295
3 0.8759186
3 0.8660101
0 0.86652935
0 0.90483326
3 0.7573084
2 0.8762929
3 0.9678237
0 0.8537137
1 0.473707
3 0.4465664
0 0.6225115
3 0.93676305
0 0.92095673
0 0.3860038
3 0.93044454
0 0.5957319
0 0.93068933
3 0.91273326
0 0.810666
0 0.6841405
0 0.4874863
3 0.879274
0 0.5016788
0 0.5109083
0 0.49633244
0 0.87011904
3 0.9181445
0 0.7233536
0 0.58129656
3 0.40062365
0 0.94699216
0 0.9288179
3 0.48336694
3 0.6065602
2 0.79597706
2 0.9138622
3 0.9061944
0 0.8912655
3 0.8845173
2 0.70952165
1 0.9646623
0 0.6162971
0 0.35724887
3 0.838165
0 0.6596331
3 0.8175951
1 0.46931475
3 0.9472381
3 0.80215573
3 0.6553423
3 0.5721007
0 0.49430516
0 0.6660494
2 0.85503465
0 0.5293743
3 0.5259333
2 0.7763189
0 0.8549017
2 0.960912
3 0.5320782
3 0.705054
0 0.82112646
3 0.9773956
0 0.647422
3 0.6132845
3 0.42644277
0 0.7203626
0 0.85496175
0 0.54190785
3 0.62011445
3 0.5354223
3 0.6035461
0 0.818779
1 0.4098077
1 0.59539825
3 0.46727496
3 0.8890893
0 0.7803895
3 0.8679076
0 0.9277458
0 0.5064123
0 0.6498008
3 0.7631794
0 0.8929687
0 0.89945817
3 0.7056669
3 0.5385856
0 0.73835117
0 0.7730088
0 0.4626217
1 0.40636015
2 0.9873045
0 0.9867481
3 0.50062907
3 0.7855195
3 0.9258522
1 0.7496177
0 0.9403971
0 0.810973
3 0.9290819
3 0.5777095
0 0.9927967
3 0.52267957
0 0.87553596
3 0.91532654
0 0.9349246
0 0.9364169
3 0.51738364
0 0.9325889
0 0.9325579
0 0.88989586
0 0.49422318
0 0.896569
0 0.8571772
0 0.91082704
0 0.62491775
0 0.49794915
1 0.9128835
3 0.86871237
3 0.48843002
0 0.833613
0 0.94034857
3 0.53479
3 0.63074255
0 0.91406214
2 0.9380771
3 0.97112423
2 0.9055402
0 0.92231977
0 0.8400365
0 0.7770957
3 0.67458385
0 0.8588363
2 0.9229503
0 0.4574937
0 0.8237972
0 0.96717
0 0.9884179
3 0.9106743
0 0.5955463
0 0.32149318
1 0.74823594
0 0.76540893
1 0.7486464
2 0.9330696
0 0.7584583
0 0.5234249
0 0.86076325
0 0.67271864
3 0.97410697
0 0.71974957
0 0.93132156
3 0.8798207
3 0.79920846
2 0.6024088
0 0.95165896
3 0.9063341
3 0.86264896
0 0.930371
3 0.6402161
3 0.29979086
2 0.710923
0 0.89957744
0 0.9369321
3 0.8269988
0 0.8413881
2 0.8635226
0 0.9369282
0 0.96822685
0 0.51940197
0 0.6276714
0 0.92433316
0 0.8099759
1 0.9357904
0 0.8127624
2 0.885581
0 0.639808
2 0.8976999
0 0.6591631
3 0.75790805
0 0.6903683
0 0.65375227
3 0.8389468
0 0.9232565
3 0.5211389
0 0.9633257
3 0.8406542
3 0.63730454
2 0.4618384
0 0.6510899
3 0.90885216
0 0.8278672
0 0.565549
0 0.92474973
0 0.7108632
0 0.93538254
3 0.73319304
0 0.85867584
3 0.4581545
0 0.51624614
0 0.51674217
0 0.9766262
1 0.48596385
3 0.9674529
3 0.45513478
0 0.6340189
0 0.681012
3 0.6075835
0 0.92801934
2 0.87258154
0 0.7346377
3 0.4975707
0 0.94449043
0 0.44116065
0 0.5742702
0 0.65793365
3 0.96241474
0 0.8085218
3 0.6688233
2 0.915426
0 0.88472337
0 0.62962335
0 0.8706702
0 0.91228306
3 0.69251734
0 0.6305595
0 0.8719285
0 0.9344453
0 0.97828704
2 0.6841529
0 0.91355985
0 0.6748155
3 0.95396835
0 0.72576064
0 0.9064777
0 0.70305806
0 0.99139684
3 0.43171147
3 0.885181
1 0.9786243
3 0.661215
3 0.8851272
0 0.96856034
3 0.9153061
0 0.44276583
3 0.796854
0 0.82847625
3 0.896934
0 0.850921
0 0.5034075
0 0.7252444
0 0.95205015
0 0.94148743
0 0.6805335
0 0.76343
3 0.72976017
2 0.8804593
0 0.6509923
0 0.65643233
3 0.55856955
3 0.8218074
3 0.4432623
2 0.71731544
0 0.96124345
3 0.9365137
0 0.6610574
2 0.82138515
0 0.4161154
0 0.974739
0 0.63615954
0 0.6887956
3 0.7707515
0 0.4364997
0 0.929671
2 0.7497402
3 0.8865051
3 0.9416103
3 0.37898785
0 0.9882224
3 0.4717772
3 0.673357
0 0.6827447
3 0.8808116
1 0.37373132
3 0.77987075
0 0.50742966
3 0.38492933
0 0.5601836
3 0.671796
0 0.9606832
0 0.8256265
2 0.7382736
2 0.9250196
0 0.74187016
3 0.88557434
2 0.8429396
3 0.9805447
0 0.9417442
2 0.8360671
3 0.8730118
3 0.7596201
1 0.88669294
3 0.84219795
0 0.9793092
3 0.92913425
2 0.9320023
3 0.3733605
3 0.91330373
3 0.5104102
0 0.97006917
0 0.9350342
1 0.8004669
3 0.358848
0 0.9761864
3 0.8734511
0 0.47616297
3 0.9258617
0 0.61692256
3 0.8420853
3 0.4435613
0 0.59285605
0 0.96816784
0 0.9267097
3 0.652405
3 0.75848544
2 0.5667433
3 0.45855325
0 0.6563173
3 0.9347825
3 0.8832492
3 0.63811225
0 0.79109514
0 0.829368
2 0.9626859
2 0.72003645
3 0.8355431
2 0.5416769
2 0.76544297
2 0.98722214
3 0.8785341
3 0.61439407
2 0.7623551
2 0.9269956
2 0.81577957
2 0.7635727
2 0.938411
2 0.9221608
2 0.9544316
2 0.3353198
2 0.83118314
2 0.8904766
3 0.4607393
2 0.9284986
2 0.73442453
2 0.8032867
2 0.7330837
2 0.3077288
2 0.988526
2 0.90047526
2 0.9004516
0 0.96015114
2 0.7645362
2 0.43703791
2 0.8728971
2 0.35314417
2 0.4869098
2 0.9860771
2 0.9581302
3 0.9300701
2 0.98117584
2 0.40780675
2 0.96520907
2 0.87704027
3 0.9428598
2 0.39442492
2 0.9608177
1 0.43217498
2 0.926322
2 0.9251756
3 0.45951328
2 0.9607827
2 0.9088717
2 0.57116705
3 0.46760446
2 0.7652832
2 0.852279
2 0.33955246
2 0.48694804
2 0.8298526
3 0.9344601
2 0.83157647
2 0.61087394
2 0.75427544
2 0.920747
0 0.6575004
2 0.30375868
2 0.668824
2 0.437921
2 0.71067613
2 0.9779245
2 0.9853123
3 0.80441165
3 0.5848989
3 0.60789126
2 0.9590623
2 0.9432575
2 0.89389896
2 0.7029861
2 0.53755605
2 0.7372845
2 0.8126888
2 0.55327386
2 0.90152013
2 0.8922774
2 0.83833593
2 0.9532009
3 0.5487974
2 0.62321013
3 0.9743012
2 0.97437775
2 0.6878056
2 0.83272696
2 0.51248306
2 0.7777872
2 0.7822709
2 0.7368128
2 0.7108374
2 0.81135625
2 0.7054682
2 0.9958566
2 0.88826853
2 0.9742688
2 0.99345374
2 0.97179675
2 0.93262684
2 0.6873731
2 0.56844926
2 0.9561021
2 0.57272005
2 0.9170993
2 0.44516295
2 0.9340368
2 0.48506728
2 0.38678455
2 0.5445577
3 0.7106574
2 0.9322596
2 0.7679926
3 0.91839087
2 0.6325876
2 0.77377015
2 0.9116428
2 0.83030605
3 0.7321924
2 0.68819076
2 0.7798087
2 0.8568153
3 0.68755156
3 0.4462224
2 0.926756
2 0.65160525
2 0.92213476
3 0.92754126
2 0.79172796
2 0.55675864
2 0.9257682
2 0.5203731
2 0.9574694
3 0.6307287
2 0.5077668
3 0.54308265
2 0.49521318
2 0.4384339
2 0.96070105
2 0.6935496
2 0.8715383
2 0.9210331
2 0.64669013
2 0.8971352
2 0.8781501
3 0.703636
2 0.5757994
3 0.86252
2 0.89932376
2 0.7139367
2 0.47959283
2 0.9208266
2 0.70815766
2 0.5194642
2 0.98071
2 0.93327594
2 0.6463035
2 0.52665085
2 0.98798263
3 0.64035946
2 0.74943686
2 0.67295104
2 0.9807809
2 0.7942354
3 0.6514548
2 0.6530318
3 0.9437099
2 0.48157778
2 0.8969731
2 0.8778338
2 0.72753215
2 0.8898583
2 0.6843913
2 0.79234475
2 0.9101558
2 0.9751888
3 0.5946755
2 0.49818727
3 0.52089196
2 0.6171567
2 0.96887904
2 0.8891889
2 0.7523358
2 0.6809702
2 0.9064827
3 0.823417
2 0.43717417
2 0.50133574
2 0.5354522
2 0.798077
2 0.8069394
2 0.42475852
3 0.6423138
1 0.5117722
2 0.9301502
2 0.548692
2 0.84062773
2 0.753153
2 0.53295106
2 0.81437343
2 0.9495093
0 0.6137191
2 0.8549796
2 0.9548414
2 0.42124057
2 0.8577225
2 0.87389857
2 0.9316022
3 0.8953931
2 0.9643292
2 0.4964222
2 0.89323485
2 0.4843994
2 0.8606277
2 0.9150717
2 0.84281766
2 0.80295044
2 0.97196746
2 0.79585207
2 0.5764833
2 0.8897155
3 0.90086925
2 0.7760795
2 0.7788647
2 0.9111961
2 0.82075864
2 0.5932012
2 0.9133643
2 0.47816175
2 0.96802527
2 0.72168374
1 0.5726679
2 0.90140533
2 0.8165792
2 0.8880452
2 0.83214927
2 0.91764945
0 0.81212074
2 0.9268151
2 0.97722673
2 0.9542059
2 0.88494635
2 0.5082232
2 0.55866224
3 0.82108456
2 0.85393775
2 0.79858977
3 0.64532024
2 0.80247545
2 0.9233035
2 0.9614045
3 0.7405251
2 0.91661215
3 0.9105035
2 0.42225727
2 0.91148275
2 0.80352724
2 0.9775804
2 0.8700425
2 0.9298107
2 0.44727573
2 0.6700684
2 0.76290596
2 0.794869
2 0.72876996
2 0.86361563
2 0.42893606
2 0.5948746
2 0.6628034
2 0.78709596
2 0.80913436
2 0.8103687
2 0.67880225
2 0.8322526
2 0.7565459
2 0.79667944
2 0.6668762
2 0.7969847
2 0.98673576
2 0.95665663
2 0.9716162
2 0.56517404
2 0.98409235
2 0.8803743
3 0.6115462
2 0.91332054
2 0.9908289
2 0.84252036
2 0.95612437
2 0.6773145
2 0.86041194
2 0.920204
2 0.4203382
2 0.97399503
2 0.90294564
2 0.3856388
2 0.5264563
2 0.49358156
2 0.5138165
2 0.7837765
2 0.91103786
2 0.9346378
2 0.92398375
2 0.81836915
2 0.8139769
2 0.7330019
2 0.9619097
2 0.9288223
2 0.9832238
2 0.75170743
2 0.63317126
2 0.90759784
2 0.6559312
2 0.9083026
2 0.85920393
2 0.63354164
2 0.40753826
2 0.97664934
3 0.9700724
2 0.84698707
2 0.88416266
2 0.96258426
2 0.957732
2 0.7670949
3 0.6719545
2 0.44318157
2 0.618281
2 0.89372593
2 0.84832567
2 0.61299306
2 0.9396336
2 0.9102495
2 0.95106876
2 0.95072156
2 0.76917803
2 0.86439884
2 0.88066787
2 0.95937425
2 0.5460883
2 0.6087391
2 0.74144685
0 0.68672216
2 0.8697728
2 0.42603981
2 0.9643993
2 0.9056524
2 0.9931202
2 0.58615226
2 0.56575465
2 0.5000982
2 0.42700627
2 0.9070923
3 0.5524853
3 0.64656407
2 0.5290345
2 0.4315091
2 0.44610122
2 0.92644197
2 0.63075626
2 0.9473514
2 0.6564451
2 0.45488042
2 0.8747859
0 0.8212208
2 0.9699837
0 0.95873433
2 0.5364651
2 0.46658078
2 0.62842447
2 0.8525674
2 0.80878705
2 0.66560394
3 0.8396729
2 0.9523752
2 0.9130752
2 0.58859885
2 0.7243509
2 0.9332799
2 0.9503942
2 0.6710488
2 0.6522276
2 0.48163822
3 0.5404128
2 0.43670142
3 0.9475394
2 0.68228984
3 0.7326819
2 0.7824002
2 0.5319754
2 0.7657512
3 0.8327283
2 0.86244375
2 0.7806887
3 0.6416711
2 0.82251835
2 0.95460653
3 0.56623137
2 0.88151675
2 0.8815944
2 0.45038664
2 0.8614955
2 0.6914139
2 0.42022032
2 0.66219187
2 0.9528742
2 0.7587842
2 0.46549857
2 0.70356387
0 0.81852186
2 0.8809468
3 0.47553164
2 0.5422568
3 0.9723689
3 0.5992442
2 0.9574549
2 0.9728546
2 0.91087
2 0.4238839
3 0.6638863
2 0.9075282
3 0.82734555
2 0.87483627
2 0.92595756
2 0.9737341
2 0.95862836
3 0.4538414
2 0.8218508
2 0.9000204
2 0.80840176
3 0.76153046
2 0.7280802
2 0.5056651
2 0.5585307
2 0.5560638
2 0.9759388
2 0.90322226
2 0.8486512
2 0.88821197
2 0.7201772
2 0.47333896
2 0.553045
2 0.8954278
2 0.61488795
2 0.81852186
2 0.6837513
2 0.854064
2 0.655345
2 0.7803284
3 0.43296775
3 0.52039224
2 0.45157096
2 0.71495986
2 0.58256453
2 0.6355696
2 0.4511619
2 0.878883
2 0.9182844
0 0.49786016
2 0.40086606
2 0.6469468
3 0.51095706
2 0.7483339
2 0.77331555
2 0.66054964
2 0.55155337
2 0.85244787
2 0.97960556
2 0.925414
2 0.5747148
2 0.843384
2 0.7216003
1 0.7629538
2 0.8201026
2 0.6291508
2 0.6761852
2 0.71140695
2 0.90978986
2 0.39595246
2 0.7174226
2 0.5978889
2 0.66723186
2 0.87481785
2 0.92385274
2 0.6133548
2 0.51755875
2 0.9416256
2 0.80676496
2 0.7322308
3 0.69900846
2 0.67157155
2 0.44780523
3 0.785188
2 0.98163164
2 0.9710143
2 0.89314526
2 0.9250453
2 0.42326716
2 0.8740192
2 0.72176087
2 0.64348257
2 0.4685579
2 0.6667203
3 0.9873403
2 0.46386707
2 0.81930393
2 0.5619683
2 0.8442868
2 0.9479215
2 0.6612773
3 0.7749535
2 0.5146629
2 0.8758549
2 0.37499058
2 0.9462536
2 0.9680669
2 0.6530536
2 0.79716396
3 0.8535815
2 0.94443077
2 0.9760301
3 0.7755641
2 0.49020606
3 0.5013905
2 0.88119876
3 0.7551808
3 0.5889066
2 0.39172915
2 0.98565334
0 0.94320333
2 0.86815727
3 0.5264563
3 0.92142653
3 0.8878073
3 0.99358845
3 0.3976785
3 0.47057772
2 0.8572238
3 0.91641396
3 0.50042886
2 0.6093236
3 0.49093056
2 0.7173907
2 0.8374679
3 0.3770047
2 0.42817232
3 0.694557
2 0.8233936
0 0.5581436
3 0.9394973
3 0.62652904
3 0.7522012
2 0.6719545
2 0.9198309
3 0.52426344
0 0.6754034
2 0.9658955
3 0.9625546
3 0.40125898
3 0.98606503
3 0.7199588
2 0.6902721
2 0.985515
3 0.7913406
3 0.8288737
3 0.52686137
2 0.55187505
3 0.75840116
2 0.85718745
2 0.5302573
2 0.5693355
3 0.9026409
3 0.8648991
2 0.81267923
3 0.52159
2 0.51192665
3 0.82150537
2 0.6565218
3 0.7280921
3 0.9675981
3 0.77869564
2 0.5451776
3 0.9377975
2 0.9737511
3 0.5953228
2 0.92783016
3 0.9128554
2 0.9441064
2 0.63953805
2 0.60193753
3 0.7320786
3 0.7622428
3 0.9921474
3 0.6229186
3 0.8892134
3 0.61341083
2 0.93039566
3 0.9659087
3 0.7274863
3 0.9898808
2 0.9242806
3 0.89034
2 0.8952044
3 0.7050476
3 0.6212657
3 0.3819631
2 0.8537137
0 0.53480244
3 0.977227
3 0.8598969
0 0.69316417
2 0.9319965
2 0.8208669
3 0.93161273
2 0.9762482
2 0.9750438
3 0.9119676
3 0.761627
3 0.94914305
2 0.885289
3 0.7460981
2 0.841306
3 0.955249
2 0.70432144
3 0.6808739
2 0.9115958
3 0.8387527
3 0.6608172
2 0.9274517
3 0.7540623
3 0.75619024
2 0.94010365
3 0.5269724
2 0.49064106
3 0.96654654
3 0.73142904
3 0.47369266
3 0.69399405
3 0.9901724
3 0.6447442
3 0.8660101
2 0.9770427
2 0.7021732
3 0.9708274
3 0.60064447
3 0.7442341
3 0.65949553
3 0.9245261
2 0.8119626
3 0.8534483
3 0.81817573
2 0.9874774
2 0.7388853
2 0.7478028
2 0.5032555
3 0.48110378
3 0.90799874
3 0.7565595
3 0.55073434
3 0.9654925
0 0.74342465
2 0.6194585
3 0.75273216
3 0.8882625
3 0.7625413
2 0.40299684
2 0.94338703
3 0.8045308
0 0.9349753
2 0.96953213
3 0.8546999
2 0.8835644
2 0.9149566
2 0.88900137
3 0.7458264
2 0.67421365
2 0.91668576
3 0.6314065
3 0.5504689
0 0.6608724
3 0.868601
3 0.64812654
3 0.51653755
3 0.7199735
2 0.90283537
2 0.9412126
3 0.9720005
0 0.8611205
3 0.928838
2 0.43192318
2 0.8357449
2 0.36086887
2 0.64491373
3 0.99322826
3 0.8146662
0 0.8972728
3 0.75283617
0 0.9316669
3 0.8004727
3 0.90423226
3 0.40656972
3 0.7319537
3 0.8986452
2 0.41962427
3 0.7645684
3 0.5074553
2 0.5510566
3 0.7480425
3 0.34529838
3 0.8108222
3 0.5962391
3 0.90223545
0 0.9039383
0 0.91203314
2 0.6227805
3 0.7487831
2 0.86100554
2 0.47756234
0 0.75172234
3 0.87728345
2 0.97733206
1 0.9908964
3 0.94006574
0 0.63061565
3 0.52784115
3 0.92320436
3 0.64710844
3 0.9266984
3 0.9168695
2 0.5196142
3 0.8709132
3 0.96866935
3 0.9750117
3 0.9547656
2 0.91210306
2 0.9770008
3 0.909929
2 0.9739106
3 0.8498177
3 0.84365207
3 0.41840592
2 0.854
3 0.3919884
2 0.59321105
3 0.56738883
3 0.8207573
0 0.9783804
2 0.93952465
2 0.35152888
0 0.59533787
3 0.9602837
2 0.3966865
3 0.40119776
3 0.43545732
2 0.94743496
3 0.68862706
3 0.67544967
2 0.87217456
3 0.9547077
2 0.6026603
2 0.69662225
3 0.86630225
3 0.8082091
3 0.43770465
0 0.4265568
3 0.7305437
3 0.941233
2 0.62452805
3 0.94626117
3 0.5045256
2 0.9750914
3 0.5706151
3 0.53903186
3 0.8424703
2 0.8647639
2 0.5878477
2 0.6650767
2 0.7146732
3 0.70145535
3 0.55909127
3 0.8753757
3 0.7602333
3 0.5530019
3 0.8082082
2 0.55790704
3 0.99114215
3 0.9525639
2 0.67134184
3 0.6432054
0 0.860314
3 0.8920554
3 0.86065066
0 0.930663
3 0.96153367
2 0.51031893
3 0.9680493
3 0.34401628
3 0.8144829
3 0.86662817
3 0.9256534
2 0.65230185
3 0.903733
3 0.6823139
3 0.5686508
2 0.7747985
3 0.6603606
2 0.85281056
3 0.9397514
2 0.4853751
3 0.48343846
3 0.665674
3 0.82647175
3 0.39769465
2 0.91628563
3 0.94985914
3 0.934883
0 0.55878574
2 0.7858395
3 0.43789563
3 0.8571936
3 0.92282355
3 0.76264876
3 0.81315196
3 0.9193765
3 0.9524724
0 0.5628225
0 0.53970295
2 0.3941626
3 0.74646044
3 0.82088673
3 0.9269252
3 0.92197144
0 0.8927965
3 0.35338828
3 0.8661863
2 0.74589366
2 0.66468936
3 0.5422557
3 0.9306854
3 0.8290455
3 0.69619
3 0.6310111
0 0.98127306
3 0.7094607
2 0.9179649
3 0.96084785
3 0.96115565
2 0.42869982
2 0.488139
3 0.90250415
2 0.90840214
2 0.8934174
2 0.86957675
3 0.9056827
3 0.974555
3 0.5854496
2 0.95491254
1 0.59960884
0 0.5949595
0 0.8509558
3 0.5426346
0 0.88022095
3 0.5196807
3 0.628155
3 0.5475547
3 0.6853091
0 0.36068717
3 0.8928255
2 0.5459226
3 0.60377717
3 0.9805665
3 0.3614726
2 0.8656326
2 0.7906764
3 0.58606607
0 0.4473799
3 0.9817462
3 0.99199975
3 0.62724316
2 0.870812
3 0.639873
3 0.9078788
3 0.7225695
2 0.9047188
3 0.48408353
3 0.57919914
3 0.8406092
2 0.616026
3 0.89957345
3 0.5179999
3 0.774173
0 0.55145043
2 0.5652508
3 0.894019
3 0.85005087
3 0.6269165
3 0.817597
2 0.8637229
3 0.9888138
3 0.68627405
2 0.82129043
3 0.8301291
3 0.8396088
3 0.93925303
2 0.84867734
2 0.9022694
3 0.9336407
2 0.7514552
3 0.95531124
3 0.9098259
3 0.895475
3 0.98536754
3 0.6874809
3 0.9041896
2 0.90926754
2 0.9127661
3 0.87595236
3 0.4614408
3 0.9791854
3 0.9624984
3 0.92757267
3 0.8803049
3 0.5722678
0 0.75446415
3 0.98542297
0 0.90369093
3 0.64097524
3 0.60012496
3 0.8508762
2 0.91177636
2 0.62457037
0 0.48944947
2 0.93529576
3 0.6246796
2 0.98962307
0 0.642559
2 0.9210269
3 0.4957757
2 0.6785838
3 0.8013687
3 0.8916342
2 0.964152
2 0.95242476
0 0.6827141
2 0.7563757
2 0.4913828
3 0.87682927
3 0.9932948
2 0.3462619
3 0.88711065
3 0.9253477
3 0.9167058
2 0.8255234
3 0.67180115
3 0.96842134
2 0.90788215
3 0.7686855
2 0.7238561
2 0.9605487
2 0.47504658
2 0.92517257
3 0.6377613
3 0.5558663
0 0.91334987
3 0.94629085
3 0.8718543
3 0.618702
0 0.9185182
3 0.98779106
2 0.8491299
2 0.8535368
2 0.59569913
3 0.6712187
3 0.71811855
2 0.88994646
3 0.88357097
2 0.45104167
3 0.6149855
3 0.97339815
2 0.75209415
3 0.5012454
3 0.87445754
3 0.9661519
2 0.7874114
0 0.60041696
3 0.8874868
3 0.80617386
2 0.84302765
3 0.9743893
3 0.7503234
3 0.4185961
2 0.6416001
2 0.5554431
3 0.6564583
3 0.8493105
3 0.85381484
3 0.5767751
3 0.94411427
3 0.9523517
3 0.77705854
3 0.82249475
2 0.72339594
0 0.53706676
3 0.8495958
2 0.7329302
2 0.567717
3 0.57919914
3 0.8156273
3 0.47197786
2 0.69112664
3 0.8838728
2 0.9525825
2 0.6359173
0 0.6680965
3 0.68438387
0 0.49885458
3 0.60515535
3 0.6846959
2 0.43533814
2 0.8057829
3 0.4398624
3 0.45397028
3 0.7896503
3 0.49838245
2 0.8467277
3 0.9578954
3 0.79500693
2 0.37699297
3 0.80641705
3 0.5737154
3 0.97240484
1 0.89596033
3 0.5513394
3 0.525772
3 0.8721293
3 0.7964358
3 0.90756315
2 0.6255017
2 0.86420643
3 0.35853267
2 0.38601488
3 0.6891436
2 0.94865596
0 0.5527273
2 0.9762798
3 0.85485905
0 0.7992055
3 0.7494241
3 0.84510577
2 0.8440111
3 0.7433862
2 0.8983986
3 0.7084085
2 0.49864623
2 0.83252007
3 0.41422418
3 0.6853886
2 0.946929
2 0.94854814
2 0.6617153
2 0.94773746
3 0.97575086
3 0.50326943
3 0.8788874
3 0.884269
3 0.43601263
3 0.579618
3 0.841378
3 0.8603044
2 0.97350466
3 0.6660804
3 0.8432925
2 0.48632905
3 0.75064373
3 0.4790571
3 0.63629097
3 0.8793471
2 0.9135507
3 0.85506546
3 0.89343065
2 0.46791625
3 0.469756
0 0.8725852
2 0.5668598
3 0.5479152
3 0.85237503
2 0.9790733
3 0.43153593
3 0.96581304
3 0.8273094
3 0.3166789
3 0.88774973
3 0.82180077
2 0.6235373
2 0.91028595
3 0.79854155
0 0.565492
3 0.8567059
3 0.8246668
3 0.5621935
0 0.7305307
3 0.33113873
3 0.93649435
3 0.8246877
2 0.8882882
3 0.8916267
3 0.92127705
3 0.8934803
3 0.6983859
3 0.7727614
3 0.8340058
3 0.77055126
2 0.5877208
3 0.9365478
2 0.3953823
3 0.8011516
2 0.8246353
3 0.92405266
3 0.63024926
3 0.91681993
2 0.9239347
1 0.77484953
3 0.7129867
3 0.51439524
2 0.4470029
3 0.9060581
3 0.40802974
3 0.59874356
3 0.90474963
3 0.9025346
2 0.6404596
3 0.92576313
3 0.9610505
2 0.3258185
3 0.9622231
2 0.5061153
3 0.8696939
3 0.9270431
3 0.5925217
3 0.9206297
3 0.8258
2 0.6804825
2 0.5088836
2 0.91179836
2 0.5279081
2 0.86619705
2 0.41883114
3 0.48362052
3 0.8102967
0 0.93027616
3 0.7478274
3 0.961188
3 0.4435717
3 0.75159216
3 0.97968274
3 0.8358763
3 0.9103674
2 0.40115616
2 0.4566731
3 0.7195718
3 0.9619998
3 0.96710056
3 0.97498
3 0.7766824
2 0.71066
3 0.44848487
2 0.5187807
3 0.7274902
3 0.88638484
3 0.8137425
2 0.83531475
3 0.88215274
3 0.5843289
2 0.7826006
3 0.99019885
3 0.950246
2 0.89510137
3 0.7934643
2 0.5864797
2 0.4922161
2 0.6447336
3 0.8567912
2 0.96969056
2 0.8975204
3 0.82642955
3 0.46574992
3 0.9122262
3 0.9093456
3 0.9720938
3 0.9837617
2 0.93047386
2 0.76891774
2 0.5571219
3 0.55381
3 0.86128736
0 0.608479
0 0.7505126
3 0.80294216
2 0.95522135
2 0.828982
2 0.69458693
3 0.6638285
2 0.6797643
2 0.4453074
3 0.9417522
3 0.9461237
3 0.9559405
3 0.37329987
2 0.6184627
3 0.9584609
2 0.7812371
3 0.539084
3 0.5693362
3 0.92004687
2 0.9730216
2 0.9560533
2 0.6060211
3 0.59148014
3 0.67802083
3 0.60279167
2 0.9749094
2 0.8020538
2 0.8479455
2 0.52844745
2 0.7324889
2 0.9101875
0 0.48516077
0 0.706363
2 0.8620867
2 0.9493695
2 0.45401508
2 0.9662045
3 0.38803557
0 0.4789957
0 0.9256883
0 0.9076423
2 0.7835764
0 0.7588698
3 0.88529366
2 0.95446676
3 0.6018799
2 0.6198509
1 0.39898038
2 0.6489067
2 0.7804734
3 0.8386815
0 0.4759697
2 0.4922023
1 0.65055734
2 0.6121446
3 0.9590423
2 0.644982
3 0.49713546
3 0.6901531
2 0.9773211
3 0.70540076
3 0.78224844
2 0.5113682
2 0.6937839
2 0.5494846
2 0.43192583
2 0.47514677
0 0.8619453
2 0.43836683
3 0.9157699
2 0.833539
2 0.9107571
3 0.77453375
2 0.61056376
3 0.97144765
3 0.4942513
3 0.9179327
2 0.56991816
2 0.72626865
2 0.97557837
2 0.82195103
2 0.68599576
2 0.6053656
2 0.45887682
0 0.63365036
2 0.8708393
0 0.96084785
2 0.7390979
2 0.42098382
2 0.9569473
2 0.63260293
0 0.65081596
2 0.89085966
2 0.6305802
2 0.8142431
2 0.570666
2 0.9363088
2 0.97608393
3 0.85788375
0 0.5281138
3 0.90766263
2 0.89182097
0 0.93719035
2 0.4076391
2 0.949341
2 0.8925706
2 0.8340941
3 0.5960926
2 0.83909404
2 0.9329327
2 0.8297309
3 0.98542297
2 0.76151043
2 0.9734221
2 0.8708202
2 0.90560293
2 0.9621857
2 0.64315325
3 0.92825806
2 0.885686
2 0.5497519
3 0.77503175
2 0.5241601
2 0.8742195
3 0.29986483
3 0.83222944
2 0.90934986
2 0.57940537
3 0.8059459
2 0.75815433
2 0.8381258
2 0.94242543
2 0.85129255
2 0.39479664
2 0.91729826
0 0.7217959
2 0.668369
2 0.7824716
2 0.79998
3 0.8334305
2 0.49594405
0 0.44901875
2 0.94456124
2 0.81503165
2 0.885289
0 0.7131895
2 0.83146507
2 0.5720827
3 0.9024912
3 0.6658653
2 0.783829
2 0.84771466
2 0.798765
2 0.7024602
2 0.9054085
3 0.900945
2 0.6029193
2 0.95698
0 0.87658334
2 0.876009
0 0.8651082
0 0.8814331
2 0.62114954
0 0.40509233
2 0.49524158
0 0.43383974
2 0.6719545
2 0.7366621
2 0.96061337
2 0.8043802
2 0.59470093
2 0.73690414
2 0.5561694
2 0.75570536
0 0.85285896
1 0.7287314
3 0.8802965
2 0.70844936
2 0.52906245
3 0.4916109
2 0.8163806
2 0.56275815
2 0.6965723
2 0.4960968
2 0.910176
2 0.96250874
2 0.9806824
2 0.88247156
2 0.76748484
2 0.98485446
2 0.39454347
0 0.73075557
2 0.6177453
0 0.50567657
3 0.9394706
2 0.67902124
2 0.42783722
2 0.57688665
2 0.4711035
3 0.5873351
3 0.97491676
2 0.65568924
0 0.89240503
2 0.8929515
2 0.9254765
2 0.8090922
0 0.34595752
2 0.57365566
2 0.9852642
2 0.88619936
0 0.9805423
2 0.75730413
0 0.53088796
2 0.8825997
3 0.38935098
0 0.9167579
2 0.64794785
2 0.5750659
0 0.50897664
2 0.9476311
0 0.90636015
2 0.9388349
2 0.9657619
1 0.5869078
3 0.6185254
2 0.8992233
2 0.7309432
2 0.9618771
2 0.6177532
2 0.8367963
0 0.937972
2 0.9822698
2 0.8560063
0 0.76105696
2 0.82634145
0 0.8709909
3 0.81375957
2 0.74785125
2 0.49979612
0 0.7494103
2 0.45961756
2 0.68960696
2 0.5064824
2 0.6680233
3 0.90536416
2 0.9607398
0 0.5450404
2 0.66856766
2 0.9573099
2 0.59302855
2 0.67584103
0 0.85733
2 0.63723904
3 0.9613038
2 0.86283344
2 0.91815615
2 0.8651082
2 0.7570207
0 0.4785866
2 0.97732043
0 0.6368524
2 0.68219
2 0.890314
2 0.84574485
2 0.98478055
2 0.7922403
3 0.95380336
0 0.9033462
0 0.73902315
3 0.9034327
0 0.9465599
3 0.9491757
2 0.5189243
2 0.937841
0 0.7459506
2 0.75113815
2 0.91594607
3 0.6151897
3 0.9012866
2 0.5095431
3 0.9490009
2 0.6617051
2 0.9926125
2 0.9829606
2 0.870285
3 0.619237
2 0.49046734
0 0.49370953
2 0.5724559
0 0.937403
3 0.712467
0 0.7418915
3 0.6405047
3 0.93463635
2 0.73969376
0 0.87827283
3 0.60377717
2 0.9936619
3 0.61912227
2 0.5678358
2 0.62809
3 0.5397791
2 0.64732605
2 0.9439895
3 0.9537394
0 0.96466434
3 0.8849099
3 0.5212889
0 0.7752275
2 0.9711375
0 0.642254
0 0.7475545
0 0.9751907
0 0.4578627
3 0.5922151
0 0.9763774
0 0.74004936
3 0.5585153
3 0.47124702
3 0.9237905
3 0.41868594
0 0.6497723
0 0.8640165
3 0.6054628
3 0.7635462
2 0.8878557
3 0.8840031
0 0.9261815
2 0.42245063
3 0.9108021
3 0.6416881
3 0.84647363
1 0.79264665
2 0.6098621
2 0.7951361
0 0.4362736
3 0.5784078
2 0.39336413
2 0.46030664
0 0.8166045
0 0.6842908
0 0.6863312
3 0.953159
0 0.68297684
3 0.95277745
2 0.8443375
0 0.9039483
0 0.83751297
3 0.8941581
0 0.90105224
0 0.9853694
2 0.7524167
0 0.82122225
2 0.9387104
3 0.991553
2 0.753252
2 0.7697582
2 0.8905057
3 0.87133944
2 0.7606557
0 0.5892285
0 0.67027444
2 0.62167794
3 0.4716797
0 0.5166178
0 0.86473405
3 0.49131477
2 0.73181266
2 0.6957255
0 0.9257235
2 0.48463437
3 0.8493378
2 0.48203775
0 0.7106942
3 0.8959181
0 0.9291454
0 0.48725572
2 0.7301824
3 0.99048984
3 0.5499152
2 0.5614121
3 0.5264563
3 0.32548648
2 0.7929688
2 0.52185285
3 0.66119194
2 0.8616615
3 0.79789275
0 0.9602173
0 0.5784679
3 0.9481442
2 0.90375686
3 0.94246507
2 0.8983325
0 0.9612627
0 0.46535167
0 0.44033223
3 0.6912936
0 0.5685503
0 0.40167955
3 0.80261624
3 0.47701505
3 0.7862182
2 0.62136453
0 0.7227768
3 0.96890825
3 0.95487493
0 0.9501759
0 0.9099622
3 0.9073201
3 0.9513123
2 0.7524609
1 0.86426276
3 0.6635919
3 0.4947923
0 0.5187311
3 0.47377205
0 0.45625907
2 0.9729921
2 0.5416182
2 0.93429244
2 0.94072723
2 0.96696734
3 0.86269045
0 0.63822997
3 0.7437156
2 0.44899145
2 0.9894804
3 0.32468182
3 0.910136
0 0.9637935
0 0.86662
0 0.95922977
0 0.9938059
3 0.50129575
2 0.6311077
3 0.8175858
0 0.9335674
2 0.78418636
2 0.93023574
2 0.44824594
0 0.96082646
0 0.86998314
3 0.80910283
0 0.48913315
3 0.7939152
1 0.8418191
2 0.927218
0 0.46642843
2 0.9841293
3 0.40344787
3 0.5010568
0 0.6761621
3 0.9412375
3 0.9470776
0 0.56655806
3 0.47609538
3 0.50712234
2 0.7759803
3 0.4723075
3 0.8490782
3 0.9201415
0 0.9392276
3 0.5464119
2 0.90308887
3 0.77554286
0 0.63108003
2 0.84764975
3 0.9882515
2 0.88837004
0 0.5578024
2 0.5438464
0 0.68029976
2 0.9783236
3 0.90770966
2 0.67696345
2 0.5899721
0 0.90898657
3 0.89247936
0 0.55260986
0 0.95030713
3 0.64919287
2 0.8348646
2 0.41324842
0 0.4631392
3 0.9253302
3 0.8841683
2 0.9636665
3 0.8270939
2 0.90975064
2 0.9200938
0 0.46284926
3 0.8655183
3 0.98319477
1 0.90604377
1 0.47635335
3 0.9601964
3 0.9463095
3 0.85555214
1 0.64947724
1 0.7284274
1 0.7287017
1 0.9363611
3 0.34959114
3 0.9236329
1 0.8248384
1 0.6357838
1 0.7842609
3 0.97763914
3 0.848524
1 0.84367627
1 0.9011399
1 0.9616589
1 0.79017645
1 0.5600517
2 0.6826883
1 0.83888125
1 0.8293886
1 0.7217883
1 0.3845568
2 0.6779437
1 0.9658382
1 0.60769516
1 0.52203226
1 0.48489752
1 0.78076583
1 0.599065
1 0.8664309
1 0.90995336
1 0.5854391
1 0.8880026
1 0.9116211
2 0.60649586
1 0.39359125
3 0.8125127
1 0.59399354
1 0.36898962
1 0.6295003
3 0.94226784
1 0.9058966
1 0.5417097
0 0.45852727
1 0.948479
0 0.9181708
1 0.8769946
1 0.43945616
1 0.39331663
1 0.41466925
1 0.9276652
1 0.9888981
1 0.8343411
1 0.38874742
1 0.6780617
3 0.6420791
1 0.9192761
1 0.9560141
3 0.6942393
1 0.69696915
1 0.49661207
1 0.47551873
3 0.6120925
1 0.7530452
1 0.7015162
3 0.41044682
1 0.5431911
0 0.8474878
1 0.78046745
1 0.9848813
1 0.96606797
1 0.9430885
1 0.4769179
3 0.98821354
1 0.46542954
2 0.41226542
3 0.7518172
1 0.9034841
1 0.96284467
1 0.82214326
1 0.45813572
1 0.8339932
1 0.890658
1 0.8286074
3 0.38424537
1 0.60075027
1 0.51827824
1 0.9683585
1 0.7160683
0 0.95887655
1 0.95375615
1 0.73423594
1 0.70640385
1 0.67162466
2 0.70367074
1 0.41709918
1 0.907025
1 0.8909079
1 0.72022533
0 0.877738
1 0.7362035
1 0.6926398
2 0.67570615
2 0.83023685
1 0.673198
1 0.7154899
1 0.6396578
1 0.7936168
1 0.5502529
2 0.49952242
1 0.7766589
1 0.91481656
1 0.5435207
1 0.7108923
1 0.7932341
1 0.82362556
1 0.47573707
1 0.6282464
1 0.52753854
1 0.9668815
1 0.84486306
1 0.7791448
1 0.8801859
1 0.9797162
1 0.7792512
1 0.60460484
1 0.64893764
1 0.82820773
1 0.5717212
3 0.99114215
1 0.46122196
1 0.85162115
1 0.476113
1 0.78081673
1 0.55966187
1 0.99166834
1 0.78416836
1 0.71571547
1 0.57665396
3 0.32571113
1 0.39953455
1 0.93557096
1 0.93273973
0 0.5322062
1 0.97698873
1 0.8974367
0 0.54068863
1 0.84195346
3 0.6584535
1 0.9613636
1 0.91732234
1 0.5253095
3 0.4493793
1 0.95442224
3 0.8883118
1 0.4505189
3 0.5109922
3 0.611252
1 0.66462594
1 0.8312254
1 0.9606006
1 0.9531395
2 0.7763431
1 0.625639
1 0.9338173
1 0.8798492
1 0.98943543
1 0.9660016
0 0.9294124
1 0.6700088
1 0.92555004
1 0.8935556
1 0.701371
1 0.93715906
1 0.7512129
1 0.90575594
1 0.49994254
1 0.9182578
1 0.5132751
1 0.64807403
3 0.7879948
1 0.6573046
3 0.89568514
1 0.41800222
1 0.912342
1 0.7347591
1 0.85370094
1 0.3599306
1 0.45756307
1 0.73879683
1 0.6075962
1 0.67887807
1 0.9430257
3 0.9820795
1 0.818599
1 0.6066844
3 0.8094615
1 0.4839036
1 0.8744068
1 0.8465951
1 0.98328775
1 0.7518156
1 0.8796362
1 0.55645484
1 0.5305915
1 0.97034955
1 0.62934464
1 0.7662683
1 0.9702786
1 0.83182025
1 0.55459356
1 0.9768933
1 0.8869951
1 0.3554816
1 0.74458325
1 0.9113233
1 0.359933
1 0.8158154
1 0.9566794
1 0.98250383
1 0.77971256
3 0.71864235
1 0.58998054
1 0.7127937
1 0.9099807
2 0.9656834
1 0.49952242
3 0.93179744
1 0.82942647
1 0.93216336
1 0.9123684
2 0.986852
1 0.71586096
1 0.91630626
1 0.8023215
3 0.64947367
1 0.6256526
1 0.70745665
1 0.91245973
1 0.717444
1 0.6723343
1 0.88537
1 0.8608701
3 0.64138293
1 0.65220916
1 0.85738117
1 0.84704065
3 0.584125
1 0.88011175
3 0.7155201
1 0.4829226
1 0.84196097
1 0.6182235
1 0.85492533
1 0.8575028
1 0.7396974
1 0.81488144
1 0.6356574
1 0.9549339
1 0.9378142
3 0.655473
1 0.8104874
1 0.4642398
1 0.9872143
1 0.97379047
1 0.7522535
1 0.51641244
3 0.4000502
1 0.5941877
1 0.8141204
1 0.7989066
1 0.9607645
1 0.9711241
1 0.9446184
0 0.6123856
1 0.9647431
1 0.8939162
2 0.7603076
1 0.7815935
1 0.8630815
0 0.95368475
1 0.44546545
1 0.6604402
3 0.72837335
1 0.7015188
0 0.6411845
1 0.81762594
1 0.53695613
2 0.6423567
1 0.74090815
1 0.62405115
0 0.4382346
1 0.8469102
1 0.76102155
1 0.6767921
0 0.417381
1 0.8672247
1 0.6300187
1 0.69085157
1 0.3781757
2 0.7618985
1 0.9467794
0 0.93274534
1 0.56541115
3 0.98092586
0 0.88117576
1 0.70433885
3 0.52310723
1 0.74197924
3 0.92919695
1 0.8106268
1 0.9766609
1 0.9332243
1 0.913276
3 0.9153926
1 0.9619998
1 0.98215413
1 0.97584087
1 0.91656727
1 0.87665445
1 0.9063801
1 0.82563967
3 0.67522955
3 0.69421464
1 0.4976361
1 0.50698566
1 0.6269739
2 0.49055704
1 0.49276033
1 0.6454564
1 0.67005366
3 0.70552486
1 0.95825243
1 0.44838956
1 0.71895415
1 0.70132065
1 0.9436871
2 0.9431131
1 0.5146217
1 0.7766799
1 0.81427836
1 0.80701137
1 0.43850434
3 0.8108112
1 0.8238017
1 0.5818914
1 0.759093
1 0.9036425
0 0.85826236
0 0.67430395
0 0.7488141
3 0.7535358
0 0.8385205
1 0.9755054
2 0.6607914
1 0.5177164
1 0.9621176
1 0.6714278
1 0.93790257
1 0.8936427
1 0.953604
1 0.72933114
1 0.50187486
1 0.98441976
1 0.97296757
1 0.92005736
0 0.43188262
2 0.7448438
1 0.58472747
1 0.47652262
1 0.44132257
3 0.80422586
1 0.9621622
1 0.62854695
1 0.9028169
1 0.4279896
1 0.51068956
1 0.6436093
1 0.8975204
0 0.65108144
0 0.96962
3 0.8752427
3 0.93252504
1 0.40207615
3 0.91669667
0 0.41565752
1 0.56403255
1 0.86957675
1 0.4141396
1 0.84257233
1 0.38728732
1 0.84375185
1 0.65063375
1 0.85626596
3 0.54743695
1 0.64439183
1 0.4530946
1 0.67929703
1 0.89355683
3 0.9508971
0 0.83881414
1 0.9509792
1 0.48836377
0 0.56362295
1 0.7973538
1 0.64899117
1 0.8551633
2 0.8119279
1 0.90766823
1 0.86118656
1 0.57233465
1 0.96306986
1 0.5424003
1 0.42828554
1 0.749768
1 0.8304654
0 0.89068
1 0.90456474
1 0.4895522
1 0.5553894
1 0.98798263
1 0.5387879
1 0.7057075
2 0.7205959
1 0.8538114
1 0.9280823
1 0.6552256
1 0.38456142
3 0.964175
1 0.48673442
1 0.9325052
1 0.4643041
1 0.8860279
1 0.64883024
1 0.5042397
0 0.9331909
2 0.9446073
1 0.9031783
1 0.77385426
1 0.7877991
0 0.7276059
0 0.4168937
1 0.7585279
3 0.33330515
1 0.98454833
3 0.7868078
1 0.93417484
1 0.7305357
1 0.4429658
1 0.6436145
1 0.7170145
1 0.8735359
2 0.4822264
1 0.913386
1 0.98972404
1 0.95822704
3 0.7307078
1 0.66188765
1 0.48678684
1 0.7048279
1 0.6131936
1 0.9678914
1 0.85035324
3 0.48981208
2 0.43627983
2 0.8815795
1 0.6395022
3 0.6559273
3 0.95615
0 0.939033
2 0.42022282
3 0.5087848
1 0.92252016
1 0.7212138
3 0.6244751
1 0.64948386
1 0.72433376
3 0.494386
3 0.45179278
3 0.7986623
1 0.7547153
2 0.97413504
3 0.94869834
3 0.6700648
3 0.7658829
3 0.71423626
1 0.5010414
2 0.73492026
0 0.930371
3 0.5801107
3 0.46045804
2 0.907025
2 0.81571347
3 0.3806129
3 0.6625774
0 0.8978107
1 0.7494387
2 0.8314273
0 0.96045035
3 0.57109725
0 0.9301141
3 0.7871173
3 0.8755031
0 0.36429515
2 0.5267325
3 0.96217465
0 0.5585855
0 0.5669676
3 0.59783536
3 0.8259665
0 0.6786045
3 0.9584013
3 0.32726866
1 0.7828596
3 0.8592524
3 0.9317218
1 0.8533144
1 0.8456213
3 0.9387925
3 0.80174667
3 0.8698159
0 0.66718715
3 0.96240765
2 0.9142652
0 0.97391945
3 0.6458907
0 0.7592781
3 0.8431236
3 0.96289796
3 0.9896026
3 0.9491305
1 0.4252139
1 0.6387482
0 0.84078443
2 0.9888572
2 0.41385
3 0.93460345
3 0.7673762
3 0.8069745
1 0.96854633
1 0.816115
3 0.86004555
3 0.92640495
3 0.8316863
3 0.9335118
0 0.7009582
1 0.3855835
3 0.77600944
3 0.40806466
2 0.83063155
1 0.72171503
1 0.7328687
0 0.35624892
0 0.97102296
3 0.97605455
3 0.91700727
0 0.7524225
1 0.4977796
0 0.7182422
0 0.8444339
1 0.58047354
3 0.94246715
0 0.40925533
0 0.76677734
3 0.9664443
0 0.890929
3 0.89349115
3 0.6957438
3 0.8941075
3 0.92786914
1 0.5530839
1 0.85066265
1 0.88530666
3 0.7618757
2 0.9591717
3 0.9029632
3 0.5501183
3 0.7532814
3 0.52534235
3 0.695369
3 0.8849778
3 0.9475418
1 0.89995456
1 0.56515735
3 0.54334813
1 0.77944857
1 0.9322304
3 0.99517256
0 0.90775573
3 0.8504193
1 0.47501436
3 0.9309394
0 0.7945511
3 0.9224149
3 0.76324785
3 0.7728047
0 0.43122724
0 0.93853575
3 0.6348571
0 0.9875629
3 0.7678483
1 0.55566806
1 0.47067866
1 0.5100306
3 0.98076606
3 0.54189324
3 0.5630245
1 0.548545
3 0.5722643
3 0.8851272
1 0.45282438
1 0.6149855
3 0.70878667
1 0.8624118
3 0.4760865
1 0.8051839
3 0.90973616
0 0.54585403
0 0.6196282
3 0.7930269
2 0.8212867
3 0.3962209
1 0.7481929
0 0.99086624
1 0.8880478
3 0.8357464
1 0.42287058
3 0.5770078
3 0.4589563
2 0.6409337
3 0.36154923
3 0.6786048
3 0.526763
3 0.40905556
3 0.90489215
0 0.8537701
3 0.45093536
0 0.7755153
1 0.87674
3 0.43415073
1 0.97309047
3 0.70848805
1 0.9339552
0 0.97633106
3 0.6578651
3 0.8357935
3 0.67002183
3 0.82790834
2 0.98513097
2 0.5421773
3 0.89257747
3 0.6760115
0 0.5203424
1 0.91566515
1 0.4689614
2 0.8285892
1 0.7849484
1 0.67440075
0 0.93844616
0 0.9788558
3 0.79620135
3 0.96300894
3 0.72838795
3 0.8853732
0 0.70462877
3 0.90596783
1 0.5114304
1 0.67959553
1 0.94320524
3 0.7513781
1 0.80678207
3 0.6760607
1 0.7506353
1 0.9661054
0 0.48722878
1 0.46009806
3 0.7036064
1 0.7274052
3 0.54318565
0 0.9908597
3 0.5542267
3 0.70426893
3 0.8894676
3 0.8459175
3 0.7208384
0 0.92041975
1 0.9067422
0 0.96484005
3 0.9405841
0 0.6614988
0 0.84327435
1 0.6696544
0 0.9501982
3 0.889901
3 0.5253244
2 0.92015374
3 0.68593925
3 0.4942744
1 0.5390258
0 0.9197252
3 0.92605674
3 0.93014854
1 0.7736828
1 0.839843
0 0.97556823
0 0.85915923
3 0.45607015
3 0.6116939
3 0.7582762
0 0.8837783
1 0.86209196
0 0.9559141
3 0.9027655
3 0.587833
3 0.70826334
3 0.774999
3 0.6854263
3 0.6656986
3 0.65570825
0 0.70047224
1 0.86380017
1 0.52767605
3 0.9982497
3 0.7768942
1 0.94968444
1 0.8561974
1 0.4059405
3 0.8568347
3 0.8746246
1 0.55503625
2 0.9281758
0 0.7117366
0 0.81676334
0 0.32511252
0 0.70770043
3 0.9037794
1 0.6889226
0 0.80548364
3 0.80617386
3 0.5786486
1 0.82907146
3 0.9635319
3 0.9241414
3 0.80290955
0 0.57235503
1 0.4429819
3 0.9690151
3 0.8785498
0 0.47177386
1 0.46489686
1 0.7674727
3 0.76658165
3 0.4253727
1 0.9157504
3 0.5716298
3 0.8482231
3 0.704803
3 0.9801717
3 0.6246929
0 0.5433653
3 0.7299783
3 0.97677916
1 0.5243128
3 0.9850905
3 0.92240924
0 0.5485437
1 0.5885499
0 0.55330455
0 0.56726116
2 0.979
1 0.81385875
1 0.9567096
3 0.81202644
2 0.5496271
3 0.8644773
1 0.94004333
3 0.8869592
1 0.65117943
3 0.585698
3 0.59422654
1 0.86391884
1 0.9430501
0 0.6943084
1 0.57679826
3 0.5064256
2 0.89037824
0 0.9748307
3 0.8861316
1 0.74499005
2 0.54506
3 0.51559097
3 0.987668
2 0.41954318
3 0.7967278
1 0.7408542
3 0.92062926
3 0.9361851
1 0.7437113
0 0.96592927
3 0.67887807
3 0.9777388
3 0.88086456
3 0.58502597
0 0.6151897
3 0.6247279
1 0.93749166
3 0.697143
3 0.60439706
1 0.97721535
1 0.45167032
3 0.8958182
3 0.5084066
3 0.9498365
0 0.9687459
3 0.8568048
3 0.3602299
1 0.7982612
3 0.74572843
3 0.97050214
1 0.51584285
3 0.919849
1 0.9804859
3 0.73629826
3 0.8519242
3 0.5355772
1 0.9366465
3 0.90395963
3 0.6047705
1 0.9225908
3 0.8650744
3 0.6277805
1 0.8748762
3 0.9687336
0 0.669851
0 0.5138338
3 0.9186292
3 0.95877254
0 0.91743886
3 0.91643
3 0.5572967
1 0.78592175
1 0.7590539
3 0.9443569
3 0.65687996
1 0.9116407
3 0.86699086
3 0.885289
0 0.5084032
3 0.90073645
3 0.96841276
0 0.943452
0 0.6123342
3 0.8661095
1 0.8584989
3 0.619237
3 0.947605
0 0.75646925
2 0.9077031
3 0.63539034
2 0.4766483
3 0.8614482
3 0.48344716
3 0.9051139
3 0.7972453
0 0.7418915
2 0.6574202
1 0.9769158
0 0.6255294
1 0.35081476
3 0.55726147
1 0.8687095
0 0.9628103
3 0.7815897
2 0.48278803
1 0.7487728
3 0.84335625
3 0.8639405
3 0.80007607
3 0.8491986
3 0.93253654
3 0.6451625
3 0.64716214
3 0.37487978
3 0.5412481
3 0.47457272
1 0.9322007
